1.549	0.353233
1.556	0.357373
1.576	0.331953
1.578	0.323701
1.593	0.331341
1.593	0.305975
1.6	0.409284
1.605	0.37293
1.605	0.401126
1.609	0.359092
1.611	0.388444
1.611	0.364771
1.612	0.371866
1.614	0.382658
1.618	0.413908
1.618	0.351271
1.621	0.343276
1.621	0.362268
1.623	0.342763
1.623	0.343496
1.623	0.362548
1.626	0.365453
1.627	0.359044
1.632	0.392618
1.644	0.351697
1.645	0.372255
1.651	0.313305
1.652	0.413005
1.669	0.323647
1.679	0.304248
1.681	0.363366
1.685	0.31512
1.699	0.339273
1.878	0.358551
2.04	0.357242
2.206	0.327563
2.38	0.331559
2.591	0.341766
2.884	0.359929
3.198	0.329234
3.498	0.33692
3.79	0.336531
4.062	0.351498
4.339	0.286907
4.628	0.300271
4.94	0.293029
5.259	0.270491
5.6	0.251509
5.957	0.273524
6.33	0.284515
6.706	0.223058
7.08	0.22543
7.468	0.229439
7.818	0.228277
8.154	0.239603
8.468	0.188273
8.768	0.202854
9.079	0.177854
9.42	0.184594
9.807	0.165067
10.203	0.17052
10.61	0.176559
11.004	0.186095
11.385	0.163164
11.745	0.163179
12.108	0.155445
12.456	0.146784
12.82	0.150332
13.171	0.141705
13.502	0.127812
13.817	0.132386
14.127	0.125477
14.422	0.122119
14.736	0.123985
15.072	0.110425
15.444	0.107098
15.839	0.110034
16.247	0.0975372
16.664	0.0987831
17.079	0.0941267
17.475	0.0929543
17.834	0.09096
18.156	0.0922253
18.438	0.0989975
18.714	0.0832644
18.987	0.0823815
19.286	0.0865434
19.608	0.0778254
19.981	0.0756696
20.381	0.0717828
20.793	0.0640738
21.208	0.0663912
21.599	0.0647455
21.98	0.0638141
22.34	0.056129
22.685	0.0585244
23.02	0.0534705
23.365	0.0540302
23.707	0.0580505
24.062	0.0489458
24.398	0.0482695
24.737	0.0475373
25.42	0.0458462
25.765	0.0426878
26.13	0.0390481
26.511	0.0405502
26.905	0.0426066
27.308	0.037597
27.698	0.0385009
28.082	0.0376866
28.445	0.0331661
28.793	0.0328892
29.112	0.0263666
29.425	0.0290232
29.737	0.0306973
30.049	0.0306708
30.385	0.0280772
30.746	0.0274311
31.123	0.0249402
31.517	0.0247282
31.906	0.0242342
32.276	0.0237275
32.634	0.0217538
32.963	0.0219007
33.304	0.0220784
33.661	0.020878
34.023	0.0197801
34.398	0.0195528
34.8	0.0193056
35.2	0.0176488
35.579	0.0182833
35.928	0.0181691
36.248	0.0165283
36.557	0.016974
36.863	0.0154361
37.175	0.0149824
37.514	0.0144225
37.894	0.0142239
38.298	0.0128428
38.715	0.0123525
39.125	0.0121778
39.518	0.0119431
39.883	0.0111494
40.226	0.0108999
40.54	0.00996787
40.859	0.01054
41.188	0.0107764
41.546	0.0104434
41.928	0.010689
42.314	0.00991055
42.714	0.0095652
43.106	0.00851798
43.498	0.00790657
43.863	0.00837425
44.216	0.00754587
44.563	0.00794746
44.905	0.00718285
45.244	0.00692658
45.586	0.00712342
45.936	0.00666908
46.291	0.00627145
46.673	0.00734499
47.064	0.0074455
47.436	0.00626967
47.825	0.00570866
48.202	0.00590038
48.568	0.00555445
48.955	0.00527892
49.344	0.00512722
49.716	0.00504436
50.072	0.00452081
50.401	0.00439018
50.74	0.00411475
51.09	0.00430924
51.452	0.00408371
51.829	0.00391474
52.211	0.00409898
52.597	0.00398726
52.977	0.00376527
53.348	0.00368196
53.713	0.00345415
54.089	0.0032751
54.479	0.0033288
54.886	0.00301269
55.283	0.00327926
55.672	0.00278544
56.047	0.00270444
56.416	0.00284748
56.772	0.00295143
57.126	0.0022978
57.478	0.0024386
57.834	0.0028185
58.182	0.00281529
58.528	0.00262761
58.878	0.00246353
59.24	0.00237509
59.613	0.00222093
60.001	0.00227399
60.395	0.00217247
60.792	0.00208308
61.188	0.00188618
61.575	0.00212651
61.962	0.00185341
62.335	0.00176068
62.691	0.0016817
63.036	0.00166992
63.371	0.0016168
63.709	0.00158373
64.048	0.00154741
64.398	0.00146089
64.744	0.00140298
65.105	0.001364
65.476	0.00147271
65.849	0.00127239
66.222	0.00138339
66.602	0.00144036
66.989	0.00146028
67.396	0.00117005
67.796	0.00105605
68.192	0.00100641
68.575	0.00109837
68.938	0.00109151
69.272	0.00113531
69.591	0.000887954
69.908	0.000871163
70.222	0.000840669
70.549	0.00101974
70.884	0.000789281
71.239	0.000817298
71.621	0.000882878
72.009	0.000788283
72.41	0.000716606
72.802	0.000796277
73.211	0.000684325
73.617	0.000673815
74.024	0.000652842
74.409	0.000677734
74.783	0.000617749
75.143	0.000607892
75.48	0.000666238
75.805	0.000562228
76.119	0.000586083
76.438	0.000616523
76.769	0.000615897
77.116	0.000567888
77.474	0.000543808
77.842	0.00052116
78.234	1.5501e-06
78.63	1.37507e-06
79.031	1.46034e-06
79.429	1.39319e-06
79.819	1.41152e-06
80.208	1.36929e-06
80.597	1.42601e-06
80.992	1.3813e-06
81.36	1.48717e-06
81.725	1.41875e-06
82.072	1.45543e-06
82.411	1.41162e-06
82.731	1.71113e-06
83.059	1.43394e-06
83.379	1.43314e-06
83.723	1.39249e-06
84.096	1.36158e-06
84.489	1.34767e-06
84.881	1.37925e-06
85.271	1.29929e-06
85.667	1.38822e-06
86.056	1.0916e-06
86.434	1.282e-06
86.802	1.41332e-06
87.156	1.49427e-06
87.502	1.32227e-06
87.845	1.50761e-06
88.189	1.36529e-06
88.55	1.31906e-06
88.909	1.34359e-06
89.278	1.3869e-06
89.643	1.43443e-06
90.025	1.48103e-06
90.406	1.50228e-06
90.784	1.39245e-06
91.137	1.59264e-06
91.486	1.54582e-06
91.845	1.38345e-06
92.201	1.41945e-06
92.561	1.40752e-06
92.939	1.33379e-06
93.31	1.31843e-06
93.698	1.33076e-06
94.099	1.39629e-06
94.496	1.53687e-06
94.874	1.36075e-06
95.24	1.35464e-06
95.583	1.42545e-06
95.917	1.42475e-06
96.232	1.39298e-06
96.562	1.44522e-06
96.909	1.62834e-06
97.278	1.57025e-06
97.664	1.43767e-06
98.063	1.51994e-06
98.471	1.46866e-06
98.866	1.403e-06
99.264	1.4608e-06
99.651	1.76503e-06
100.024	1.67992e-06
100.385	1.85067e-06
100.717	1.49022e-06
101.049	1.40851e-06
101.383	1.4078e-06
101.718	2.05241e-06
102.065	1.42667e-06
102.432	1.60811e-06
102.818	1.64114e-06
103.21	1.46749e-06
103.603	1.6973e-06
104.005	1.60673e-06
104.411	1.54119e-06
104.805	1.64576e-06
105.153	1.89477e-06
105.498	1.54769e-06
105.828	1.50724e-06
106.158	1.54609e-06
106.49	1.57608e-06
106.829	1.69174e-06
107.191	1.71869e-06
107.55	1.5653e-06
107.956	1.58743e-06
108.371	1.48601e-06
108.813	1.53576e-06
109.25	1.58934e-06
109.657	1.60932e-06
110.045	1.66491e-06
110.402	1.55774e-06
110.751	1.71507e-06
111.094	1.68211e-06
111.43	1.48932e-06
111.786	1.52e-06
112.143	1.44964e-06
112.517	1.35285e-06
112.896	1.44025e-06
113.301	1.37314e-06
113.693	1.59674e-06
114.077	1.56045e-06
114.444	1.58517e-06
114.818	1.54601e-06
115.191	1.61591e-06
115.587	1.45276e-06
115.989	1.5707e-06
116.409	1.6901e-06
116.819	1.86354e-06
117.207	1.33766e-06
117.581	1.42078e-06
117.939	1.53731e-06
118.299	1.55012e-06
118.649	1.45835e-06
119.004	1.65242e-06
119.382	1.59434e-06
119.782	1.74336e-06
120.19	1.55018e-06
120.586	1.635e-06
120.981	1.67948e-06
121.347	1.69842e-06
121.698	1.33043e-06
122.04	1.55279e-06
122.39	1.84581e-06
122.755	1.71124e-06
123.13	1.38825e-06
123.538	1.6135e-06
123.959	1.63489e-06
124.287	1.70051e-06
124.419	1.48854e-06
124.423	1.65286e-06
124.424	1.65479e-06
124.434	1.49975e-06
124.44	1.65626e-06
124.452	1.74372e-06
124.455	1.60049e-06
124.457	1.53099e-06
124.46	1.68091e-06
124.464	1.50581e-06
124.47	1.61806e-06
124.471	1.80687e-06
124.473	1.68974e-06
124.478	1.87635e-06
124.483	1.79779e-06
124.489	1.75534e-06
124.497	1.56459e-06
124.5	1.16708e-06
124.507	1.54265e-06
124.523	2.01352e-06
124.578	1.60536e-06
124.619	1.61092e-06
124.638	1.57934e-06
124.641	1.77249e-06
