0.4
100
0 0
1 1.2554
2 1.0117
3 0.81186
4 0.64956
5 0.51851
6 0.41312
7 0.32864
8 0.2611
9 0.20719
10 0.16426
11 0.13008
12 0.10294
13 0.08141
14 0.064345
15 0.050825
16 0.040125
17 0.031661
18 0.024972
19 0.019687
20 0.015516
21 0.012223
22 0.0096265
23 0.007579
24 0.0059653
25 0.0046939
26 0.0036927
27 0.0029043
28 0.0022838
29 0.0017955
30 0.0014114
31 0.0011093
32 0.00087174
33 0.00068495
34 0.00053809
35 0.00042268
36 0.00033197
37 0.00026071
38 0.00020472
39 0.00016074
40 0.00012619
41 9.9066e-05
42 7.7762e-05
43 6.1037e-05
44 4.7905e-05
45 3.7596e-05
46 2.9504e-05
47 2.3152e-05
48 1.8167e-05
49 1.4253e-05
50 1.1183e-05
51 8.7736e-06
52 6.8831e-06
53 5.3994e-06
54 4.2355e-06
55 3.3223e-06
56 2.6059e-06
57 2.0441e-06
58 1.6033e-06
59 1.2575e-06
60 9.8629e-07
61 7.7352e-07
62 6.0668e-07
63 4.7578e-07
64 3.7312e-07
65 2.9261e-07
66 2.2946e-07
67 1.7994e-07
68 1.4111e-07
69 1.1066e-07
70 8.6778e-08
71 6.8048e-08
72 5.3365e-08
73 4.1846e-08
74 3.2812e-08
75 2.5729e-08
76 2.0176e-08
77 1.5821e-08
78 1.2405e-08
79 9.7266e-09
80 7.6273e-09
81 5.9806e-09
82 4.6897e-09
83 3.6772e-09
84 2.8834e-09
85 2.2611e-09
86 1.773e-09
87 1.3903e-09
88 1.0903e-09
89 8.5521e-10
90 6.71e-10
91 5.2669e-10
92 4.1376e-10
93 3.2548e-10
94 2.5666e-10
95 2.0326e-10
96 1.6224e-10
97 1.3141e-10
98 1.0964e-10
99 9.9436e-11
