0.4
100
0 0
1 0.97757
2 0.63529
3 0.41343
4 0.26939
5 0.17573
6 0.11474
7 0.074989
8 0.049047
9 0.032103
10 0.021026
11 0.013779
12 0.0090345
13 0.0059267
14 0.0038896
15 0.0025538
16 0.0016774
17 0.0011021
18 0.00072438
19 0.00047626
20 0.00031321
21 0.00020604
22 0.00013557
23 8.9229e-05
24 5.874e-05
25 3.8692e-05
26 2.5473e-05
27 1.6779e-05
28 1.1055e-05
29 7.2849e-06
30 4.8014e-06
31 3.1651e-06
32 2.0867e-06
33 1.376e-06
34 9.1632e-07
35 6.047e-07
36 3.9911e-07
37 2.6346e-07
38 1.7394e-07
39 1.1486e-07
40 7.5856e-08
41 5.0108e-08
42 3.3106e-08
43 2.1842e-08
44 1.4427e-08
45 9.5291e-09
46 6.2946e-09
47 4.1554e-09
48 2.7426e-09
49 1.8122e-09
50 1.1976e-09
51 7.9165e-10
52 5.2327e-10
53 3.459e-10
54 2.2869e-10
55 1.5357e-10
56 1.0156e-10
57 6.7165e-11
58 4.4419e-11
59 2.9381e-11
60 1.9738e-11
61 1.3167e-11
62 8.7109e-12
63 5.7634e-12
64 3.8102e-12
65 2.5188e-12
66 1.667e-12
67 1.1034e-12
68 7.2966e-13
69 4.8302e-13
70 3.1977e-13
71 2.1154e-13
72 1.3992e-13
73 9.2653e-14
74 6.1358e-14
75 4.0638e-14
76 2.7033e-14
77 1.7893e-14
78 1.1841e-14
79 7.8441e-15
80 5.1968e-15
81 3.4433e-15
82 2.2791e-15
83 1.5091e-15
84 9.9901e-16
85 6.6209e-16
86 4.3882e-16
87 2.9066e-16
88 1.9247e-16
89 1.2759e-16
90 8.4589e-17
91 5.6085e-17
92 3.7192e-17
93 2.4649e-17
94 1.6346e-17
95 1.0872e-17
96 7.2658e-18
97 4.9222e-18
98 3.4741e-18
99 2.9078e-18
