0.4
100
0 0
1 6.7647
2 6.7765
3 6.788
4 6.7982
5 6.8064
6 6.812
7 6.8148
8 6.8144
9 6.8107
10 6.8035
11 6.7929
12 6.7789
13 6.7615
14 6.741
15 6.7173
16 6.6908
17 6.6615
18 6.6295
19 6.5952
20 6.5586
21 6.5199
22 6.4792
23 6.4368
24 6.3927
25 6.3471
26 6.3001
27 6.2518
28 6.2024
29 6.1519
30 6.1005
31 6.0482
32 5.995
33 5.9412
34 5.8867
35 5.8316
36 5.7759
37 5.7198
38 5.6632
39 5.6062
40 5.5489
41 5.4912
42 5.4332
43 5.375
44 5.3165
45 5.2578
46 5.1989
47 5.1398
48 5.0805
49 5.0211
50 4.9616
51 4.9019
52 4.8422
53 4.7823
54 4.7224
55 4.6623
56 4.6022
57 4.542
58 4.4817
59 4.4214
60 4.361
61 4.3006
62 4.2401
63 4.1795
64 4.1189
65 4.0582
66 3.9975
67 3.9367
68 3.8758
69 3.8149
70 3.7539
71 3.6929
72 3.6318
73 3.5706
74 3.5093
75 3.4478
76 3.3863
77 3.3247
78 3.2629
79 3.2009
80 3.1387
81 3.0764
82 3.0138
83 2.9509
84 2.8877
85 2.8241
86 2.7601
87 2.6955
88 2.6304
89 2.5645
90 2.4978
91 2.43
92 2.3608
93 2.29
94 2.2169
95 2.1407
96 2.06
97 1.9723
98 1.872
99 1.72
