0.4
41
0 0
1 0.97757
2 0.63529
3 0.41343
4 0.26939
5 0.17573
6 0.11474
7 0.074989
8 0.049047
9 0.032103
10 0.021026
11 0.013779
12 0.0090345
13 0.0059267
14 0.0038896
15 0.0025538
16 0.0016774
17 0.0011021
18 0.00072438
19 0.00047626
20 0.00031321
21 0.00020604
22 0.00013557
23 8.9229e-05
24 5.874e-05
25 3.8692e-05
26 2.5473e-05
27 1.6779e-05
28 1.1055e-05
29 7.285e-06
30 4.8015e-06
31 3.1652e-06
32 2.087e-06
33 1.3764e-06
34 9.1697e-07
35 6.0578e-07
36 4.0096e-07
37 2.6669e-07
38 1.7981e-07
39 1.2624e-07
40 1.051e-07
