0
100
0 0
1 1.5044
2 1.3572
3 1.2236
4 1.1026
5 0.99309
6 0.8942
7 0.80492
8 0.72437
9 0.65174
10 0.58627
11 0.52729
12 0.47417
13 0.42633
14 0.38327
15 0.34451
16 0.30963
17 0.27825
18 0.25003
19 0.22464
20 0.20181
21 0.18128
22 0.16283
23 0.14624
24 0.13133
25 0.11794
26 0.10589
27 0.095075
28 0.085355
29 0.076623
30 0.06878
31 0.061734
32 0.055407
33 0.049724
34 0.044622
35 0.04004
36 0.035927
37 0.032234
38 0.028919
39 0.025943
40 0.023272
41 0.020875
42 0.018724
43 0.016794
44 0.015062
45 0.013508
46 0.012113
47 0.010862
48 0.0097404
49 0.0087339
50 0.0078312
51 0.0070216
52 0.0062956
53 0.0056445
54 0.0050606
55 0.0045365
56 0.0040658
57 0.0036446
58 0.0032662
59 0.0029276
60 0.0026234
61 0.0023512
62 0.0021066
63 0.0018879
64 0.0016914
65 0.0015157
66 0.0013578
67 0.0012166
68 0.0010898
69 0.00097641
70 0.00087458
71 0.00078353
72 0.00070178
73 0.00062868
74 0.00056306
75 0.00050439
76 0.00045173
77 0.00040466
78 0.00036242
79 0.00032467
80 0.0002908
81 0.00026054
82 0.0002334
83 0.00020917
84 0.00018744
85 0.00016806
86 0.0001507
87 0.00013523
88 0.0001214
89 0.0001091
90 9.8144e-05
91 8.8441e-05
92 7.9844e-05
93 7.2302e-05
94 6.5707e-05
95 6.0044e-05
96 5.5269e-05
97 5.144e-05
98 4.8686e-05
99 4.8073e-05
