0.4
100
0 0
1 1.3798
2 1.1213
3 0.90776
4 0.73283
5 0.59031
6 0.47464
7 0.38104
8 0.30548
9 0.24461
10 0.19565
11 0.15632
12 0.12477
13 0.099521
14 0.079317
15 0.063165
16 0.050266
17 0.039974
18 0.031769
19 0.025232
20 0.02003
21 0.015891
22 0.012601
23 0.0099865
24 0.0079109
25 0.0062639
26 0.0049576
27 0.0039221
28 0.0031017
29 0.002452
30 0.0019377
31 0.0015308
32 0.0012089
33 0.00095442
34 0.00075326
35 0.00059434
36 0.0004688
37 0.00036969
38 0.00029145
39 0.00022972
40 0.00018102
41 0.00014261
42 0.00011233
43 8.846e-05
44 6.9648e-05
45 5.4828e-05
46 4.3152e-05
47 3.3958e-05
48 2.6718e-05
49 2.1017e-05
50 1.653e-05
51 1.3e-05
52 1.0222e-05
53 8.0367e-06
54 6.3176e-06
55 4.9656e-06
56 3.9025e-06
57 3.0668e-06
58 2.4097e-06
59 1.8933e-06
60 1.4874e-06
61 1.1683e-06
62 9.1771e-07
63 7.2074e-07
64 5.6601e-07
65 4.4446e-07
66 3.4898e-07
67 2.74e-07
68 2.1511e-07
69 1.6888e-07
70 1.3258e-07
71 1.0407e-07
72 8.169e-08
73 6.4116e-08
74 5.0319e-08
75 3.9489e-08
76 3.0991e-08
77 2.432e-08
78 1.9084e-08
79 1.4974e-08
80 1.175e-08
81 9.219e-09
82 7.2336e-09
83 5.6752e-09
84 4.4526e-09
85 3.4934e-09
86 2.7407e-09
87 2.1502e-09
88 1.6871e-09
89 1.3238e-09
90 1.0391e-09
91 8.1598e-10
92 6.4128e-10
93 5.0464e-10
94 3.9808e-10
95 3.1537e-10
96 2.518e-10
97 2.0402e-10
98 1.7028e-10
99 1.5449e-10
