0
41
0 0
1 1.0818
2 0.59723
3 0.31484
4 0.16105
5 0.080679
6 0.03982
7 0.019446
8 0.0094251
9 0.0045434
10 0.0021819
11 0.001045
12 0.00049954
13 0.00023852
14 0.00011377
15 5.423e-05
16 2.5839e-05
17 1.2308e-05
18 5.8612e-06
19 2.7909e-06
20 1.3301e-06
21 6.3321e-07
22 3.0144e-07
23 1.4352e-07
24 6.8321e-08
25 3.28e-08
26 1.5613e-08
27 7.4321e-09
28 3.5377e-09
29 1.6848e-09
30 8.0196e-10
31 3.8174e-10
32 1.8171e-10
33 8.6495e-11
34 4.1174e-11
35 1.96e-11
36 9.3321e-12
37 4.4483e-12
38 2.1297e-12
39 1.0435e-12
40 5.9362e-13
