0
100
0 0
1 1.0818
2 0.59723
3 0.31484
4 0.16105
5 0.080679
6 0.03982
7 0.019446
8 0.0094251
9 0.0045434
10 0.0021819
11 0.001045
12 0.00049954
13 0.00023852
14 0.00011377
15 5.423e-05
16 2.5839e-05
17 1.2308e-05
18 5.8612e-06
19 2.7909e-06
20 1.3301e-06
21 6.3321e-07
22 3.0144e-07
23 1.4352e-07
24 6.8321e-08
25 3.28e-08
26 1.5613e-08
27 7.4321e-09
28 3.5377e-09
29 1.6848e-09
30 8.0196e-10
31 3.8174e-10
32 1.8171e-10
33 8.6495e-11
34 4.1173e-11
35 1.9598e-11
36 9.3289e-12
37 4.4414e-12
38 2.1141e-12
39 1.0065e-12
40 4.7908e-13
41 2.2806e-13
42 1.0856e-13
43 5.1674e-14
44 2.4597e-14
45 1.1708e-14
46 5.5732e-15
47 2.653e-15
48 1.2627e-15
49 6.0107e-16
50 2.8612e-16
51 1.3619e-16
52 6.4829e-17
53 3.0859e-17
54 1.4689e-17
55 6.9922e-18
56 3.3285e-18
57 1.5844e-18
58 7.5518e-19
59 3.5947e-19
60 1.7112e-19
61 8.1453e-20
62 3.8772e-20
63 1.8458e-20
64 8.7862e-21
65 4.1829e-21
66 1.9909e-21
67 9.4765e-22
68 4.5117e-22
69 2.1478e-22
70 1.0224e-22
71 4.8666e-23
72 2.3166e-23
73 1.1027e-23
74 5.8574e-24
75 2.7881e-24
76 1.3272e-24
77 6.3173e-25
78 3.0071e-25
79 1.4319e-25
80 6.8182e-26
81 3.2455e-26
82 1.5449e-26
83 7.3537e-27
84 3.5003e-27
85 1.6662e-27
86 7.9313e-28
87 3.7753e-28
88 1.7971e-28
89 8.5548e-29
90 4.0724e-29
91 1.9385e-29
92 9.2277e-30
93 4.3925e-30
94 2.0911e-30
95 9.9562e-31
96 4.745e-31
97 2.2718e-31
98 1.113e-31
99 6.3316e-32
