0.15
100
0 0
1 1.432
2 1.3238
3 1.2223
4 1.1277
5 1.0396
6 0.95785
7 0.88205
8 0.81186
9 0.74695
10 0.68697
11 0.63159
12 0.5805
13 0.53338
14 0.48995
15 0.44995
16 0.41312
17 0.37922
18 0.34803
19 0.31935
20 0.29297
21 0.26873
22 0.24646
23 0.22599
24 0.20719
25 0.18993
26 0.17409
27 0.15955
28 0.1462
29 0.13395
30 0.12272
31 0.11242
32 0.10297
33 0.094301
34 0.086357
35 0.079075
36 0.0724
37 0.066283
38 0.060678
39 0.055543
40 0.050838
41 0.046528
42 0.042581
43 0.038965
44 0.035654
45 0.032623
46 0.029847
47 0.027306
48 0.02498
49 0.022851
50 0.020902
51 0.019118
52 0.017486
53 0.015992
54 0.014625
55 0.013375
56 0.01223
57 0.011184
58 0.010226
59 0.0093507
60 0.0085497
61 0.0078171
62 0.0071472
63 0.0065345
64 0.0059741
65 0.0054617
66 0.0049924
67 0.004564
68 0.0041717
69 0.0038135
70 0.0034856
71 0.0031863
72 0.0029123
73 0.0026622
74 0.0024333
75 0.0022244
76 0.0020333
77 0.0018589
78 0.0016994
79 0.0015539
80 0.0014209
81 0.0012996
82 0.0011888
83 0.0010878
84 0.00099555
85 0.00091162
86 0.00083507
87 0.00076552
88 0.00070221
89 0.00064486
90 0.00059284
91 0.00054594
92 0.00050368
93 0.00046595
94 0.00043241
95 0.00040309
96 0.00037791
97 0.00035721
98 0.00034174
99 0.00033679
