0.15
100
0 0
1 1.2808
2 1.089
3 0.92622
4 0.78791
5 0.6704
6 0.57052
7 0.48562
8 0.41343
9 0.35203
10 0.2998
11 0.25536
12 0.21755
13 0.18536
14 0.15795
15 0.13462
16 0.11474
17 0.097816
18 0.083397
19 0.071111
20 0.060642
21 0.051719
22 0.044114
23 0.037631
24 0.032104
25 0.027391
26 0.023372
27 0.019944
28 0.017021
29 0.014527
30 0.0124
31 0.010585
32 0.0090363
33 0.007715
34 0.0065875
35 0.0056253
36 0.0048041
37 0.0041032
38 0.003505
39 0.0029943
40 0.0025585
41 0.0021864
42 0.0018687
43 0.0015973
44 0.0013654
45 0.0011673
46 0.00099792
47 0.00085317
48 0.00072946
49 0.0006237
50 0.00053331
51 0.00045603
52 0.00038997
53 0.00033349
54 0.0002852
55 0.00024391
56 0.00020861
57 0.00017842
58 0.00015261
59 0.00013054
60 0.00011166
61 9.5515e-05
62 8.1708e-05
63 6.9899e-05
64 5.9798e-05
65 5.1159e-05
66 4.3769e-05
67 3.7448e-05
68 3.2041e-05
69 2.7415e-05
70 2.3458e-05
71 2.0072e-05
72 1.7176e-05
73 1.4698e-05
74 1.2578e-05
75 1.0764e-05
76 9.2116e-06
77 7.8836e-06
78 6.7472e-06
79 5.7749e-06
80 4.9429e-06
81 4.231e-06
82 3.6219e-06
83 3.1007e-06
84 2.6549e-06
85 2.2734e-06
86 1.9472e-06
87 1.6682e-06
88 1.4298e-06
89 1.2261e-06
90 1.0523e-06
91 9.0423e-07
92 7.7834e-07
93 6.717e-07
94 5.8194e-07
95 5.0718e-07
96 4.4615e-07
97 3.9839e-07
98 3.6504e-07
99 3.5718e-07
