0.15
100
0 0
1 4.872
2 4.8781
3 4.8837
4 4.8889
5 4.8934
6 4.8974
7 4.9007
8 4.9034
9 4.9054
10 4.9067
11 4.9072
12 4.907
13 4.9061
14 4.9045
15 4.902
16 4.8988
17 4.8949
18 4.8902
19 4.8847
20 4.8785
21 4.8716
22 4.8639
23 4.8554
24 4.8463
25 4.8364
26 4.8258
27 4.8145
28 4.8025
29 4.7899
30 4.7765
31 4.7626
32 4.7479
33 4.7327
34 4.7168
35 4.7003
36 4.6833
37 4.6656
38 4.6474
39 4.6286
40 4.6093
41 4.5894
42 4.569
43 4.5481
44 4.5267
45 4.5048
46 4.4825
47 4.4597
48 4.4364
49 4.4127
50 4.3885
51 4.3639
52 4.3389
53 4.3135
54 4.2877
55 4.2615
56 4.2349
57 4.208
58 4.1806
59 4.1529
60 4.1249
61 4.0964
62 4.0677
63 4.0385
64 4.0091
65 3.9793
66 3.9491
67 3.9186
68 3.8878
69 3.8566
70 3.825
71 3.7932
72 3.7609
73 3.7283
74 3.6954
75 3.662
76 3.6283
77 3.5942
78 3.5597
79 3.5247
80 3.4893
81 3.4534
82 3.417
83 3.38
84 3.3425
85 3.3043
86 3.2655
87 3.2259
88 3.1854
89 3.1439
90 3.1014
91 3.0575
92 3.0121
93 2.9649
94 2.9155
95 2.8633
96 2.8076
97 2.7467
98 2.6752
99 2.5671
