2.19
100
0 0
1 0.1435
2 0.014073
3 0.0014031
4 0.00014161
5 1.435e-05
6 1.5057e-06
7 1.5442e-07
8 1.5902e-08
9 1.6431e-09
10 1.7053e-10
11 1.776e-11
12 1.8535e-12
13 1.9388e-13
14 2.0307e-14
15 2.1327e-15
16 2.4782e-16
17 2.6108e-17
18 2.7581e-18
19 2.9149e-19
20 3.0861e-20
21 3.2712e-21
22 3.4879e-22
23 3.7052e-23
24 3.9414e-24
25 4.1978e-25
26 4.4729e-26
27 4.7718e-27
28 5.0951e-28
29 5.4416e-29
30 5.8432e-30
31 6.2485e-31
32 6.6844e-32
33 7.1543e-33
34 7.7423e-34
35 8.2927e-35
36 8.8871e-36
37 9.5261e-37
38 1.022e-37
39 1.0973e-38
40 1.1773e-39
41 1.2637e-40
42 1.3617e-41
43 1.4619e-42
44 1.5699e-43
45 1.6869e-44
46 1.824e-45
47 1.9624e-46
48 2.1102e-47
49 2.2683e-48
50 2.4422e-49
51 2.6259e-50
52 2.827e-51
53 3.0471e-52
54 3.2779e-53
55 3.5272e-54
56 3.795e-55
57 4.0849e-56
58 4.3979e-57
59 4.7356e-58
60 5.133e-59
61 5.5276e-60
62 5.9544e-61
63 6.41e-62
64 6.9217e-63
65 7.4615e-64
66 8.0417e-65
67 8.6714e-66
68 9.3578e-67
69 1.0094e-67
70 1.0888e-68
71 1.1751e-69
72 1.2712e-70
73 1.3718e-71
74 1.484e-72
75 1.6021e-73
76 1.7301e-74
77 1.8865e-75
78 2.0573e-76
79 2.2233e-77
80 2.4053e-78
81 2.6085e-79
82 3.0626e-80
83 3.311e-81
84 3.5843e-82
85 3.901e-83
86 4.2261e-84
87 4.5787e-85
88 4.9623e-86
89 5.3802e-87
90 5.8342e-88
91 6.3383e-89
92 6.8779e-90
93 7.4649e-91
94 8.1171e-92
95 8.8165e-93
96 1.0032e-93
97 1.0897e-94
98 1.1846e-95
99 1.772e-96
