2.19
41
0 0
1 0.1435
2 0.014073
3 0.0014031
4 0.00014161
5 1.435e-05
6 1.5057e-06
7 1.5442e-07
8 1.5902e-08
9 1.6431e-09
10 1.7053e-10
11 1.776e-11
12 1.8535e-12
13 1.9388e-13
14 2.0307e-14
15 2.1327e-15
16 2.4782e-16
17 2.6108e-17
18 2.7581e-18
19 2.9149e-19
20 3.0861e-20
21 3.2712e-21
22 3.4879e-22
23 3.7052e-23
24 3.9414e-24
25 4.1978e-25
26 4.4729e-26
27 4.7718e-27
28 5.0951e-28
29 5.4416e-29
30 5.8432e-30
31 6.2485e-31
32 6.6844e-32
33 7.1543e-33
34 7.7423e-34
35 8.2927e-35
36 8.8871e-36
37 9.5261e-37
38 1.022e-37
39 1.0985e-38
40 1.5917e-39
