2.19
100
0 0
1 9.473
2 9.5923
3 9.665
4 9.6813
5 9.6543
6 9.5987
7 9.5255
8 9.4419
9 9.3522
10 9.2592
11 9.1642
12 9.0681
13 8.9714
14 8.8744
15 8.7771
16 8.6798
17 8.5824
18 8.485
19 8.3875
20 8.29
21 8.1926
22 8.0951
23 7.9976
24 7.9001
25 7.8026
26 7.7052
27 7.6077
28 7.5102
29 7.4127
30 7.3152
31 7.2177
32 7.1203
33 7.0228
34 6.9253
35 6.8278
36 6.7303
37 6.6328
38 6.5353
39 6.4378
40 6.3403
41 6.2429
42 6.1454
43 6.0479
44 5.9504
45 5.8529
46 5.7554
47 5.6579
48 5.5604
49 5.4629
50 5.3654
51 5.2679
52 5.1704
53 5.0729
54 4.9754
55 4.8779
56 4.7804
57 4.6829
58 4.5854
59 4.4879
60 4.3904
61 4.2929
62 4.1954
63 4.0979
64 4.0004
65 3.9029
66 3.8054
67 3.7079
68 3.6104
69 3.5129
70 3.4154
71 3.3179
72 3.2204
73 3.1229
74 3.0254
75 2.9279
76 2.8304
77 2.7329
78 2.6354
79 2.5379
80 2.4404
81 2.3429
82 2.2454
83 2.1479
84 2.0504
85 1.9528
86 1.8553
87 1.7578
88 1.6603
89 1.5627
90 1.4652
91 1.3676
92 1.2698
93 1.1719
94 1.0737
95 0.9748
96 0.87463
97 0.77165
98 0.66143
99 0.50516
