2.19
41
0 0
1 0.46291
2 0.13021
3 0.035725
4 0.0096604
5 0.0025882
6 0.00068914
7 0.00018273
8 4.8304e-05
9 1.2746e-05
10 3.359e-06
11 8.8426e-07
12 2.3265e-07
13 6.1172e-08
14 1.6076e-08
15 4.2252e-09
16 1.1102e-09
17 2.9167e-10
18 7.6624e-11
19 2.0129e-11
20 5.2875e-12
21 1.3889e-12
22 3.6481e-13
23 9.5819e-14
24 2.5168e-14
25 6.6112e-15
26 1.7364e-15
27 4.5604e-16
28 1.1979e-16
29 3.146e-17
30 8.2629e-18
31 2.1702e-18
32 5.7e-19
33 1.497e-19
34 3.9315e-20
35 1.0326e-20
36 2.7119e-21
37 7.123e-22
38 1.8717e-22
39 4.9645e-23
40 1.7107e-23
