2.19
100
0 0
1 0.46291
2 0.13021
3 0.035725
4 0.0096604
5 0.0025882
6 0.00068914
7 0.00018273
8 4.8304e-05
9 1.2746e-05
10 3.359e-06
11 8.8426e-07
12 2.3265e-07
13 6.1172e-08
14 1.6076e-08
15 4.2252e-09
16 1.1102e-09
17 2.9167e-10
18 7.6624e-11
19 2.0129e-11
20 5.2875e-12
21 1.3889e-12
22 3.6481e-13
23 9.5819e-14
24 2.5168e-14
25 6.6112e-15
26 1.7364e-15
27 4.5604e-16
28 1.1979e-16
29 3.146e-17
30 8.2629e-18
31 2.1702e-18
32 5.7e-19
33 1.497e-19
34 3.9315e-20
35 1.0326e-20
36 2.7119e-21
37 7.1228e-22
38 1.8706e-22
39 4.9132e-23
40 1.2904e-23
41 3.3899e-24
42 8.9028e-25
43 2.3383e-25
44 6.1411e-26
45 1.6129e-26
46 8.7906e-27
47 2.3087e-27
48 6.0638e-28
49 1.5926e-28
50 4.1827e-29
51 1.0986e-29
52 2.8853e-30
53 7.5785e-31
54 1.9903e-31
55 5.2272e-32
56 1.3733e-32
57 3.6066e-33
58 9.4707e-34
59 2.4873e-34
60 6.5326e-35
61 1.7158e-35
62 4.5061e-36
63 1.1838e-36
64 3.1091e-37
65 8.1655e-38
66 2.1446e-38
67 5.6329e-39
68 1.4795e-39
69 3.885e-40
70 1.0205e-40
71 2.6801e-41
72 7.0445e-42
73 1.8502e-42
74 4.8592e-43
75 1.2762e-43
76 3.3516e-44
77 8.8023e-45
78 2.3119e-45
79 6.0719e-46
80 1.5948e-46
81 4.1886e-47
82 1.1002e-47
83 2.8894e-48
84 7.5884e-49
85 1.993e-49
86 5.2343e-50
87 1.3744e-50
88 3.61e-51
89 9.4815e-52
90 2.4901e-52
91 6.5406e-53
92 1.7178e-53
93 4.5117e-54
94 1.1849e-54
95 3.1121e-55
96 8.174e-56
97 2.1479e-56
98 5.6967e-57
99 1.9631e-57
