0.15
100
0 0
1 1.3734
2 1.2342
3 1.1083
4 0.99465
5 0.89225
6 0.80009
7 0.71722
8 0.64276
9 0.57589
10 0.51587
11 0.46202
12 0.41372
13 0.37041
14 0.33159
15 0.2968
16 0.26563
17 0.2377
18 0.21269
19 0.19029
20 0.17024
21 0.15228
22 0.13621
23 0.12183
24 0.10896
25 0.097436
26 0.087129
27 0.077907
28 0.069658
29 0.062278
30 0.055677
31 0.049773
32 0.044494
33 0.039772
34 0.03555
35 0.031774
36 0.028399
37 0.025381
38 0.022683
39 0.020271
40 0.018115
41 0.016187
42 0.014465
43 0.012925
44 0.011549
45 0.010319
46 0.0092202
47 0.0082381
48 0.0073606
49 0.0065765
50 0.0058759
51 0.0052499
52 0.0046907
53 0.0041911
54 0.0037446
55 0.0033454
56 0.0029881
57 0.0026696
58 0.0023844
59 0.0021302
60 0.0019025
61 0.0016996
62 0.0015179
63 0.001356
64 0.001211
65 0.0010817
66 0.00096605
67 0.00086292
68 0.00077061
69 0.00068833
70 0.00061468
71 0.00054905
72 0.0004903
73 0.00043794
74 0.00039108
75 0.00034933
76 0.00031195
77 0.00027866
78 0.00024886
79 0.00022232
80 0.00019857
81 0.00017742
82 0.0001585
83 0.00014166
84 0.0001266
85 0.00011321
86 0.00010124
87 9.0609e-05
88 8.1125e-05
89 7.2715e-05
90 6.5235e-05
91 5.863e-05
92 5.2788e-05
93 4.7672e-05
94 4.3204e-05
95 3.9372e-05
96 3.6137e-05
97 3.3536e-05
98 3.1645e-05
99 3.1141e-05
