2.19
41
0 0
1 0.96949
2 0.519
3 0.26582
4 0.13267
5 0.065151
6 0.031662
7 0.015282
8 0.0073422
9 0.0035169
10 0.0016811
11 0.00080255
12 0.00038276
13 0.00018246
14 8.6932e-05
15 4.1405e-05
16 1.9717e-05
17 9.3883e-06
18 4.4698e-06
19 2.128e-06
20 1.014e-06
21 4.827e-07
22 2.2978e-07
23 1.094e-07
24 5.2075e-08
25 2.5e-08
26 1.19e-08
27 5.6646e-09
28 2.6964e-09
29 1.2841e-09
30 6.1123e-10
31 2.9095e-10
32 1.3849e-10
33 6.5924e-11
34 3.1381e-11
35 1.4939e-11
36 7.1127e-12
37 3.3904e-12
38 1.6232e-12
39 7.9533e-13
40 4.5244e-13
