2.19
100
0 0
1 0.96949
2 0.519
3 0.26582
4 0.13267
5 0.065151
6 0.031662
7 0.015282
8 0.0073422
9 0.0035169
10 0.0016811
11 0.00080255
12 0.00038276
13 0.00018246
14 8.6932e-05
15 4.1405e-05
16 1.9717e-05
17 9.3883e-06
18 4.4698e-06
19 2.128e-06
20 1.014e-06
21 4.827e-07
22 2.2978e-07
23 1.094e-07
24 5.2075e-08
25 2.5e-08
26 1.19e-08
27 5.6646e-09
28 2.6964e-09
29 1.2841e-09
30 6.1123e-10
31 2.9095e-10
32 1.3849e-10
33 6.5924e-11
34 3.1381e-11
35 1.4937e-11
36 7.1102e-12
37 3.3851e-12
38 1.6113e-12
39 7.671e-13
40 3.6514e-13
41 1.7382e-13
42 8.274e-14
43 3.9385e-14
44 1.8747e-14
45 8.9238e-15
46 4.2478e-15
47 2.0221e-15
48 9.6243e-16
49 4.5812e-16
50 2.1807e-16
51 1.038e-16
52 4.941e-17
53 2.352e-17
54 1.1196e-17
55 5.3293e-18
56 2.5369e-18
57 1.2076e-18
58 5.7557e-19
59 2.7398e-19
60 1.3042e-19
61 6.2081e-20
62 2.9551e-20
63 1.4068e-20
64 6.6966e-21
65 3.1881e-21
66 1.5174e-21
67 7.2227e-22
68 3.4387e-22
69 1.637e-22
70 7.7923e-23
71 3.7092e-23
72 1.7656e-23
73 8.4045e-24
74 4.4643e-24
75 2.125e-24
76 1.0115e-24
77 4.8149e-25
78 2.2919e-25
79 1.0914e-25
80 5.1967e-26
81 2.4736e-26
82 1.1775e-26
83 5.6048e-27
84 2.6679e-27
85 1.2699e-27
86 6.045e-28
87 2.8775e-28
88 1.3697e-28
89 6.5202e-29
90 3.1038e-29
91 1.4774e-29
92 7.0331e-30
93 3.3478e-30
94 1.5937e-30
95 7.5884e-31
96 3.6165e-31
97 1.7315e-31
98 8.4827e-32
99 4.8258e-32
